2617738632
15 12 50
999999999999999999999999
999999999999999999999999
999999999999999999999999
999999999999999999999999
999999999999999999999999
999999999999999999999999
999999999999999999999999
999999999999999999999999
999999999999999999999999
999999999999999999999999
999999999999999999999999
999999999999999999999999
999999999999999999999999
999999999999999999999999
999999999999999999999999
339999999999999999999999
559999999999999999999999
339999999999999999999999
559999999999999999999999
559999999999999999999999
339999999999999999999999
449999999999999999999999
229999999999999999999999
449999999999999999999999
339999999999999999999999
339999999999999999999999
339999999999999999999999
339999999999999999999999
339999999999999999999999
339999999999999999999999
449999999999999999999999
669999999999999999999999
449999999999999999999999
669999999999999999999999
669999999999999999999999
449999999999999999999999
559999999999999999999999
339999999999999999999999
559999999999999999999999
449999999999999999999999
449999999999999999999999
449999999999999999999999
449999999999999999999999
449999999999999999999999
449999999999999999999999
449999999999999999999999
779999999999999999999999
449999999999999999999999
779999999999999999999999
669999999999999999999999
449999999999999999999999
559999999999999999999999
339999999999999999999999
559999999999999999999999
449999999999999999999999
449999999999999999999999
449999999999999999999999
449999999999999999999999
449999999999999999999999
449999999999999999999999
443399999999999999999999
775599999999999999999999
443399999999999999999999
775599999999999999999999
665599999999999999999999
443399999999999999999999
554499999999999999999999
332299999999999999999999
554499999999999999999999
443399999999999999999999
443399999999999999999999
443399999999999999999999
443399999999999999999999
443399999999999999999999
443399999999999999999999
444499999999999999999999
776699999999999999999999
443399999999999999999999
775599999999999999999999
665599999999999999999999
443399999999999999999999
554499999999999999999999
332299999999999999999999
554499999999999999999999
443399999999999999999999
443399999999999999999999
443399999999999999999999
443399999999999999999999
443399999999999999999999
443399999999999999999999
444433999999999999999999
776655999999999999999999
443333999999999999999999
775555999999999999999999
665555999999999999999999
443333999999999999999999
554444999999999999999999
332222999999999999999999
554444999999999999999999
443333999999999999999999
443333999999999999999999
443333999999999999999999
443333999999999999999999
443333999999999999999999
443333999999999999999999
444444999999999999999999
776666999999999999999999
443333999999999999999999
775555999999999999999999
665555999999999999999999
443333999999999999999999
554444999999999999999999
332222999999999999999999
554444999999999999999999
443333999999999999999999
443333999999999999999999
443333999999999999999999
443333999999999999999999
443333999999999999999999
443333999999999999999999
444455999999999999999999
776677999999999999999999
443333999999999999999999
775555999999999999999999
665555999999999999999999
443333999999999999999999
554444999999999999999999
332222999999999999999999
554444999999999999999999
443333999999999999999999
443333999999999999999999
443333999999999999999999
443333999999999999999999
443333999999999999999999
443333999999999999999999
444455339999999999999999
776677559999999999999999
443333339999999999999999
775555559999999999999999
665555559999999999999999
443333339999999999999999
554444449999999999999999
332222229999999999999999
554444449999999999999999
443333339999999999999999
443333339999999999999999
443333339999999999999999
443333339999999999999999
443333339999999999999999
443333339999999999999999
444455449999999999999999
776677669999999999999999
443333449999999999999999
775555669999999999999999
665555669999999999999999
443333449999999999999999
554444559999999999999999
332222339999999999999999
554444559999999999999999
443333449999999999999999
443333449999999999999999
443333449999999999999999
443333449999999999999999
443333339999999999999999
443333339999999999999999
444455559999999999999999
776677889999999999999999
443333669999999999999999
775555779999999999999999
665555669999999999999999
443333449999999999999999
554444559999999999999999
332222449999999999999999
554444669999999999999999
443333449999999999999999
443333449999999999999999
443333449999999999999999
443333449999999999999999
443333449999999999999999
443333339999999999999999
444455553399999999999999
776677885599999999999999
443333663399999999999999
775555775599999999999999
665555665599999999999999
443333443399999999999999
554444554499999999999999
332222442299999999999999
554444664499999999999999
443333443399999999999999
443333443399999999999999
443333443399999999999999
443333443399999999999999
443333443399999999999999
443333333399999999999999
444455553333999999999999
776677885555999999999999
443333663333999999999999
775555775555999999999999
665555665555999999999999
443333443333999999999999
554444554444999999999999
332222442222999999999999
554444664444999999999999
443333443333999999999999
443333443333999999999999
443333443333999999999999
443333443333999999999999
443333443333999999999999
443333333333999999999999
444455553333999999999999
776677885555999999999999
443333663333999999999999
775555775566999999999999
665555665555999999999999
443333443333999999999999
554444554444999999999999
332222442233999999999999
554444664444999999999999
443333443333999999999999
443333443333999999999999
443333443333999999999999
443333443333999999999999
443333443333999999999999
443333333333999999999999
444455553333339999999999
776677885555559999999999
443333663333339999999999
775555775566559999999999
665555665555559999999999
443333443333339999999999
554444554444449999999999
332222442233229999999999
554444664444449999999999
443333443333339999999999
443333443333339999999999
443333443333339999999999
443333443333339999999999
443333443333339999999999
443333333333339999999999
444455553333333399999999
776677885555555599999999
443333663333333399999999
775555775566555599999999
665555665555555599999999
443333443333333399999999
554444554444444499999999
332222442233222299999999
554444664444444499999999
443333443333333399999999
443333443333333399999999
443333443333333399999999
443333443333333399999999
443333443333333399999999
443333333333333399999999
444455553333333333999999
776677885555555555999999
443333663333333333999999
775555775566555555999999
665555665555555555999999
443333443333333333999999
554444554444444444999999
332222442233222222999999
554444664444444444999999
443333443333333333999999
443333443333333333999999
443333443333333333999999
443333443333333333999999
443333443333333333999999
443333333333333333999999
444455553333333322999999
776677885555555555999999
443333663333333333999999
775555775566555555999999
665555665555555555999999
443333443333333333999999
554444554444444444999999
332222442233222222999999
554444664444444444999999
443333443333333333999999
443333443333333333999999
443333443333333333999999
443333443333333333999999
443333443333333333999999
443333333333333333999999
444455553333333311999999
776677885555555555999999
443333663333333333999999
775555775566555555999999
665555665555555555999999
443333443333333333999999
554444554444444444999999
332222442233222222999999
554444664444444444999999
443333443333333333999999
443333443333333333999999
443333443333333333999999
443333443333333333999999
443333443333333333999999
443333333333333333999999
444455553333333311339999
776677885555555555559999
443333663333333333339999
775555775566555555559999
665555665555555555559999
443333443333333333339999
554444554444444444449999
332222442233222222229999
554444664444444444449999
443333443333333333339999
443333443333333333339999
443333443333333333339999
443333443333333333339999
443333443333333333339999
443333333333333333339999
444455553333333311229999
776677885555555555449999
443333663333333333339999
775555775566555555559999
665555665555555555669999
443333443333333333449999
554444554444444444449999
332222442233222222229999
554444664444444444559999
443333443333333333339999
443333443333333333339999
443333443333333333339999
443333443333333333339999
443333443333333333449999
443333333333333333339999
444455553333333311119999
776677885555555555339999
443333663333333333339999
775555775566555555559999
665555665555555555669999
443333443333333333449999
554444554444444444449999
332222442233222222229999
554444664444444444559999
443333443333333333339999
443333443333333333339999
443333443333333333339999
443333443333333333339999
443333443333333333449999
443333333333333333339999
444455553333333311119999
776677885555555555229999
443333663333333333339999
775555775566555555559999
665555665555555555669999
443333443333333333449999
554444554444444444449999
332222442233222222229999
554444664444444444559999
443333443333333333339999
443333443333333333339999
443333443333333333339999
443333443333333333339999
443333443333333333449999
443333333333333333339999
444455553333333311119999
776677885555555555119999
443333663333333333339999
775555775566555555559999
665555665555555555669999
443333443333333333449999
554444554444444444449999
332222442233222222229999
554444664444444444559999
443333443333333333339999
443333443333333333339999
443333443333333333339999
443333443333333333339999
443333443333333333449999
443333333333333333339999
444455553333333311113399
776677885555555555115599
443333663333333333333399
775555775566555555555599
665555665555555555665599
443333443333333333443399
554444554444444444444499
332222442233222222222299
554444664444444444554499
443333443333333333333399
443333443333333333333399
443333443333333333333399
443333443333333333333399
443333443333333333443399
443333333333333333333399
444455553333333311112299
776677885555555555114499
443333663333333333332299
775555775566555555555599
665555665555555555665599
443333443333333333443399
554444554444444444444499
332222442233222222222299
554444664444444444554499
443333443333333333333399
443333443333333333333399
443333443333333333333399
443333443333333333333399
443333443333333333443399
443333333333333333333399
444455553333333311111199
776677885555555555113399
443333663333333333331199
775555775566555555555599
665555665555555555665599
443333443333333333443399
554444554444444444444499
332222442233222222222299
554444664444444444554499
443333443333333333333399
443333443333333333333399
443333443333333333333399
443333443333333333333399
443333443333333333443399
443333333333333333333399
444455553333333311111199
776677885555555555112299
443333663333333333331199
775555775566555555555599
665555665555555555665599
443333443333333333443399
554444554444444444444499
332222442233222222222299
554444664444444444554499
443333443333333333333399
443333443333333333333399
443333443333333333333399
443333443333333333333399
443333443333333333443399
443333333333333333333399
444455553333333311111199
776677885555555555111199
443333663333333333331199
775555775566555555555599
665555665555555555665599
443333443333333333443399
554444554444444444444499
332222442233222222222299
554444664444444444554499
443333443333333333333399
443333443333333333333399
443333443333333333333399
443333443333333333333399
443333443333333333443399
443333333333333333333399
444455553333333311111133
776677885555555555111155
443333663333333333331133
775555775566555555555555
665555665555555555665555
443333443333333333443333
554444554444444444444444
332222442233222222222222
554444664444444444554444
443333443333333333333333
443333443333333333333333
443333443333333333333333
443333443333333333333333
443333443333333333443333
443333333333333333333333
444455553333333311111122
776677885555555555111144
443333663333333333331122
775555775566555555555544
665555665555555555665544
443333443333333333443322
554444554444444444444433
332222442233222222222222
554444664444444444554444
443333443333333333333333
443333443333333333333333
443333443333333333333333
443333443333333333333333
443333443333333333443333
443333333333333333333333
444455553333333311111111
776677885555555555111133
443333663333333333331111
775555775566555555555533
665555665555555555665533
443333443333333333443311
554444554444444444444422
332222442233222222222222
554444664444444444554444
443333443333333333333333
443333443333333333333333
443333443333333333333333
443333443333333333333333
443333443333333333443333
443333333333333333333333
444455553333333311111111
776677885555555555111122
443333663333333333331111
775555775566555555555522
665555665555555555665522
443333443333333333443311
554444554444444444444411
332222442233222222222222
554444664444444444554444
443333443333333333333333
443333443333333333333333
443333443333333333333333
443333443333333333333333
443333443333333333443333
443333333333333333333333
444455553333333311111111
776677885555555555111111
443333663333333333331111
775555775566555555555511
665555665555555555665511
443333443333333333443311
554444554444444444444411
332222442233222222222222
554444664444444444554444
443333443333333333333333
443333443333333333333333
443333443333333333333333
443333443333333333333333
443333443333333333443333
443333333333333333333333
555555553333333311111111
888888885555555555111111
444444663333333333333333
777777777777555555555511
666666666666666666665511
444444443333333333444444
555555554444444444444411
333333444444222222222222
666666664444444444555555
444444443333333333333333
444444443333333333333333
444444443333333333333333
444444443333333333333333
444444443333333333444444
443333333333333333333333
555555553333331311111111
888888885555555115111111
444444663333333313131313
777777777777555551151511
666666666666666661161511
444441443333333333441414
555151554144444141441411
333133414114212222222112
666666664444444444555115
414141413131333131313113
414141443131333131333113
414141443131333131333113
414141413333333331313113
414444413133333131414114
413333333333333333333113
555555553333331311111111
888888885555555115111111
444444663333333313131313
777777777777555551151511
666666666666666661161511
444441443333333333441414
555151554144444141441411
333133414114212222222112
666666664444444444555115
414141413131333131313113
414141443131333131333113
414141443131333131333113
414141413333333331313113
414444413133333131414114
413333333333333333333113
555555553333331311111111
888888885555555115111111
444444663333333313131313
777777777777555551151511
666666666666666661161511
444441443333333333441414
555151554144444141441411
333133414114212222222112
666666664444444444555115
414141413131333131313113
414141443131333131333113
414141443131333131333113
414141413333333331313113
414444413133333131414114
413333333333333333333113
555555553333331311111111
888888885555555115111111
444444663333333313131313
777777777777555551151511
666666666666666661161511
444441443333333333441414
555151554144444141441411
333133414114212222222112
666666664444444444555115
414141413131333131313113
414141443131333131333113
414141443131333131333113
414141413333333331313113
414444413133333131414114
413333333333333333333113
555555553333331311111111
888888885555555115111111
444444663333333313131313
777777777777555551151511
666666666666666661161511
444441443333333333441414
555151554144444141441411
333133414114212222222112
666666664444444444555115
414141413131333131313113
414141443131333131333113
414141443131333131333113
414141413333333331313113
414444413133333131414114
413333333333333333333113
555555553333331311111111
888888885555555115111111
444444663333333313131313
777777777777555551151511
666666666666666661161511
444441443333333333441414
555151554144444141441411
333133414114212222222112
666666664444444444555115
414141413131333131313113
414141443131333131333113
414141443131333131333113
414141413333333331313113
414444413133333131414114
413333333333333333333113
555555553333331311111111
888888885555555115111111
444444663333333313131313
777777777777555551151511
666666666666666661161511
444441443333333333441414
555151554144444141441411
333133414114212222222112
666666664444444444555115
414141413131333131313113
414141443131333131333113
414141443131333131333113
414141413333333331313113
414444413133333131414114
413333333333333333333113
555555553333331311111111
888888885555555115111111
444444663333333313131313
777777777777555551151511
666666666666666661161511
444441443333333333441414
555151554144444141441411
333133414114212222222112
666666664444444444555115
414141413131333131313113
414141443131333131333113
414141443131333131333113
414141413333333331313113
414444413133333131414114
413333333333333333333113
555555553333331311111111
888888885555555115111111
444444663333333313131313
777777777777555551151511
666666666666666661161511
444441443333333333441414
555151554144444141441411
333133414114212222222112
666666664444444444555115
414141413131333131313113
414141443131333131333113
414141443131333131333113
414141413333333331313113
414444413133333131414114
413333333333333333333113
555555553333331311111111
888888885555555115111111
444444663333333313131313
777777777777555551151511
666666666666666661161511
444441443333333333441414
555151554144444141441411
333133414114212222222112
666666664444444444555115
414141413131333131313113
414141443131333131333113
414141443131333131333113
414141413333333331313113
414444413133333131414114
413333333333333333333113
555555553333331311111111
888888885555555115111111
444444663333333313131313
777777777777555551151511
666666666666666661161511
444441443333333333441414
555151554144444141441411
333133414114212222222112
666666664444444444555115
414141413131333131313113
414141443131333131333113
414141443131333131333113
414141413333333331313113
414444413133333131414114
413333333333333333333113
555555553333331311111111
888888885555555115111111
444444663333333313131313
777777777777555551151511
666666666666666661161511
444441443333333333441414
555151554144444141441411
333133414114212222222112
666666664444444444555115
414141413131333131313113
414141443131333131333113
414141443131333131333113
414141413333333331313113
414444413133333131414114
413333333333333333333113
555555553333331311111111
888888885555555115111111
444444663333333313131313
777777777777555551151511
666666666666666661161511
444441443333333333441414
555151554144444141441411
333133414114212222222112
666666664444444444555115
414141413131333131313113
414141443131333131333113
414141443131333131333113
414141413333333331313113
414444413133333131414114
413333333333333333333113
555555553333331311111111
888888885555555115111111
444444663333333313131313
777777777777555551151511
666666666666666661161511
444441443333333333441414
555151554144444141441411
333133414114212222222112
666666664444444444555115
414141413131333131313113
414141443131333131333113
414141443131333131333113
414141413333333331313113
414444413133333131414114
413333333333333333333113
