149
0 20 0 21
0 44 0 43
1 20 1 21
1 40 0 40
2 47 3 47
3 21 3 22
3 31 3 30
4 32 5 32
4 43 4 44
5 9 5 10
5 37 6 37
5 38 6 38
6 42 6 43
15 3 15 4
22 31 22 32
22 41 22 40
24 40 24 41
27 40 27 41
29 2 29 3
34 14 34 15
34 24 34 23
35 28 34 28
38 3 39 3
38 9 38 8
40 37 40 36
41 23 41 24
42 23 42 24
44 23 44 24
45 27 44 27
46 35 47 35
47 22 47 23
16 1 16 0
20 26 21 26
25 25 26 25
26 42 26 43
27 38 27 39
29 35 30 35
33 17 33 18
33 31 33 30
35 25 34 25
36 22 35 22
37 16 38 16
37 17 37 18
38 25 37 25
39 15 39 16
39 28 40 28
39 43 40 43
39 47 40 47
40 12 40 11
40 30 40 31
41 30 41 31
42 18 42 17
42 19 43 19
42 22 43 22
43 10 43 9
43 17 43 18
1 26 2 26
1 38 0 38
7 4 7 5
8 36 9 36
9 7 9 6
10 0 9 0
11 4 11 5
11 31 11 32
13 0 14 0
13 19 14 19
13 31 13 32
13 33 14 33
14 5 14 6
14 15 15 15
14 32 14 31
15 6 15 7
15 32 15 33
16 31 16 32
17 1 17 0
17 16 17 15
17 21 17 22
17 31 17 32
18 36 19 36
19 12 19 11
22 44 22 45
23 16 24 16
26 17 27 17
26 22 26 23
27 43 27 44
30 3 31 3
30 33 31 33
30 45 31 45
31 15 32 15
37 22 37 23
37 37 37 36
47 30 47 31
0 14 1 14
1 4 0 4
1 9 0 9
1 11 0 11
2 5 1 5
2 16 1 16
4 3 4 4
18 19 17 19
19 26 19 25
23 34 23 35
23 38 23 37
24 25 24 26
24 35 24 34
25 32 26 32
26 35 26 34
27 28 26 28
27 47 28 47
29 7 29 8
29 33 29 34
29 40 29 39
33 32 32 32
36 6 36 7
36 41 36 42
37 27 37 26
45 21 45 20
45 28 44 28
46 27 46 26
2 1 2 2
2 15 2 14
7 26 7 27
8 27 8 28
8 29 7 29
9 23 8 23
10 5 10 6
14 28 14 29
19 6 19 7
19 46 20 46
20 7 20 6
20 10 19 10
21 0 21 1
22 19 22 20
23 3 22 3
25 6 25 7
26 6 26 7
29 12 29 13
29 19 29 20
29 42 29 41
29 46 29 47
31 47 31 46
34 44 34 45
37 31 37 32
37 45 37 46
38 47 38 46
40 46 40 45
41 4 41 5
46 9 47 9
46 32 45 32
190
0 4 4 4
0 4 0 9
0 9 0 11
0 13 0 21
0 21 1 21
0 40 0 43
0 43 3 43
1 5 1 14
1 14 1 16
1 21 4 21
1 30 1 37
2 2 2 3
2 3 3 3
2 11 2 14
2 14 9 14
2 17 4 17
3 22 3 30
3 30 3 32
3 32 5 32
3 32 3 34
3 43 3 47
4 4 4 11
4 27 7 27
4 44 9 44
5 10 6 10
5 33 6 33
5 35 5 42
6 37 6 38
6 38 7 38
6 38 6 43
7 5 11 5
7 15 7 20
7 27 7 29
7 29 14 29
7 29 7 31
7 31 7 35
7 36 7 38
8 15 8 23
9 0 14 0
9 6 9 10
9 14 9 16
9 24 15 24
9 25 11 25
9 34 12 34
9 36 9 38
9 38 10 38
10 38 11 38
11 25 19 25
11 32 13 32
11 38 11 39
11 39 11 42
12 35 15 35
12 35 12 39
13 30 13 32
13 32 16 32
14 6 14 14
14 14 15 14
14 26 14 29
14 29 14 30
14 33 15 33
15 13 18 13
15 14 15 15
15 15 17 15
15 20 15 24
16 23 16 24
16 32 17 32
17 15 20 15
17 19 23 19
17 20 22 20
17 23 24 23
17 32 17 33
17 33 20 33
17 39 23 39
17 39 17 43
17 43 26 43
18 2 18 9
18 13 19 13
19 0 23 0
19 1 19 7
19 7 19 10
19 10 22 10
19 13 20 13
19 44 27 44
20 32 22 32
21 13 22 13
21 26 21 27
21 27 27 27
22 10 22 13
22 20 24 20
22 28 22 32
22 45 31 45
23 0 24 0
23 15 23 19
23 28 24 28
23 33 24 33
23 35 23 37
23 39 27 39
24 6 24 8
24 10 31 10
24 10 24 11
24 11 25 11
24 11 24 15
24 15 24 16
24 28 26 28
24 28 24 30
24 34 26 34
24 41 27 41
25 7 26 7
26 23 27 23
26 28 26 32
26 32 32 32
26 32 26 34
27 4 34 4
27 16 29 16
27 17 27 21
27 21 28 21
27 21 27 23
27 23 32 23
27 24 36 24
27 27 30 27
27 31 30 31
28 8 29 8
28 12 28 13
28 19 33 19
28 19 28 21
28 39 29 39
29 34 29 39
29 39 30 39
29 41 30 41
30 27 30 31
30 39 32 39
31 33 31 37
31 46 37 46
32 0 34 0
32 5 32 8
32 32 32 39
32 39 32 42
32 42 35 42
33 18 37 18
33 30 33 38
33 41 35 41
34 0 34 3
34 3 35 3
34 4 37 4
34 19 43 19
34 25 37 25
34 27 39 27
34 27 34 28
34 45 40 45
35 3 39 3
35 22 43 22
35 42 36 42
36 24 41 24
36 44 44 44
37 18 43 18
37 26 44 26
37 32 45 32
37 39 37 40
37 41 38 41
37 46 38 46
38 8 39 8
38 16 39 16
38 41 39 41
39 3 39 8
39 8 43 8
39 30 43 30
40 5 40 6
40 6 42 6
40 14 40 15
40 31 41 31
40 41 47 41
40 41 40 43
40 45 42 45
41 24 42 24
42 24 44 24
43 3 43 8
43 18 43 19
43 19 43 22
43 33 44 33
44 25 44 26
44 26 46 26
44 28 44 30
44 33 44 36
45 7 45 11
45 11 45 20
45 32 45 38
45 38 45 39
46 33 46 36
47 4 47 6
47 29 47 31
