0
41
0 37 1 37
0 40 1 40
1 26 2 26
2 10 2 11
2 12 3 12
3 11 3 12
3 34 4 34
4 34 4 35
5 30 6 30
8 37 8 38
10 36 10 37
11 9 11 10
12 36 12 37
16 36 17 36
16 42 17 42
17 33 18 33
17 33 17 34
17 36 18 36
17 40 18 40
18 42 18 43
19 29 19 30
20 10 20 11
20 11 21 11
21 26 21 27
22 10 22 11
22 25 23 25
23 46 23 47
25 0 25 1
26 4 27 4
27 45 27 46
28 22 28 23
30 30 31 30
31 0 31 1
31 9 32 9
31 30 32 30
34 18 34 19
35 26 36 26
35 29 36 29
40 42 41 42
43 46 43 47
44 12 45 12
0
142
0 10 2 10
0 27 3 27
0 28 6 28
0 37 1 37
0 40 1 40
0 40 0 44
1 14 1 17
1 26 2 26
2 10 2 11
2 12 3 12
2 26 9 26
2 39 5 39
3 2 12 2
3 11 3 12
3 34 4 34
4 3 4 5
4 5 4 10
4 19 4 21
4 21 4 24
4 34 4 35
5 30 6 30
5 39 13 39
5 41 10 41
6 30 6 33
6 33 9 33
7 34 12 34
7 40 11 40
7 42 7 44
8 16 14 16
8 31 20 31
8 37 10 37
8 37 8 38
9 17 9 26
9 26 20 26
9 33 11 33
10 18 10 22
10 36 12 36
10 36 10 37
11 9 11 10
11 10 13 10
11 22 16 22
11 22 11 24
12 29 19 29
12 35 20 35
12 36 16 36
12 36 12 37
13 10 13 14
13 14 26 14
13 18 13 20
13 20 15 20
13 47 15 47
14 5 21 5
14 16 16 16
14 23 16 23
16 17 22 17
16 36 17 36
16 42 17 42
17 9 17 13
17 22 23 22
17 33 18 33
17 33 17 34
17 36 18 36
17 36 17 40
17 40 18 40
18 33 23 33
18 36 18 40
18 40 20 40
18 41 22 41
18 42 18 43
19 29 19 30
19 37 38 37
20 10 20 11
20 11 21 11
21 2 21 5
21 26 21 27
21 29 26 29
21 29 21 32
22 10 22 11
22 25 23 25
22 25 22 28
23 17 34 17
23 17 23 19
23 19 25 19
23 22 28 22
23 46 23 47
24 24 27 24
24 47 26 47
25 0 25 1
25 1 25 5
25 5 40 5
25 5 25 7
25 16 32 16
25 31 25 35
25 35 28 35
26 4 27 4
26 26 35 26
26 29 35 29
27 18 29 18
27 45 27 46
28 22 28 23
28 41 30 41
28 42 32 42
29 7 34 7
30 20 35 20
30 30 31 30
31 0 31 1
31 9 32 9
31 25 33 25
31 30 32 30
32 9 32 13
32 16 38 16
32 30 35 30
32 42 40 42
34 7 34 9
34 18 34 19
35 26 36 26
35 29 36 29
35 38 35 40
36 3 38 3
36 6 36 8
36 24 42 24
37 31 37 33
37 34 39 34
38 6 38 16
39 2 41 2
39 16 39 18
39 34 39 39
39 47 43 47
40 42 41 42
40 42 40 44
43 5 46 5
43 5 43 30
43 39 43 41
43 42 46 42
43 46 45 46
43 46 43 47
44 12 45 12
44 37 44 39
45 27 45 36
45 36 45 41
46 29 46 31
46 31 46 39
0
149
0 37 1 37
0 40 1 40
1 26 2 26
2 10 2 11
2 12 3 12
3 11 3 12
3 34 4 34
4 34 4 35
5 30 6 30
8 37 8 38
10 36 10 37
11 9 11 10
12 36 12 37
16 36 17 36
16 42 17 42
17 33 18 33
17 33 17 34
17 36 18 36
17 40 18 40
18 42 18 43
19 29 19 30
20 10 20 11
20 11 21 11
21 26 21 27
22 10 22 11
22 25 23 25
23 46 23 47
25 0 25 1
26 4 27 4
27 45 27 46
28 22 28 23
30 30 31 30
31 0 31 1
31 9 32 9
31 30 32 30
34 18 34 19
35 26 36 26
35 29 36 29
40 42 41 42
43 46 43 47
44 12 45 12
0 10 2 10
4 3 4 5
4 19 4 21
7 42 7 44
8 37 10 37
9 33 11 33
10 36 12 36
11 10 13 10
11 22 11 24
13 18 13 20
13 20 15 20
13 47 15 47
14 16 16 16
14 23 16 23
18 40 20 40
23 17 23 19
23 19 25 19
24 47 26 47
25 5 25 7
27 18 29 18
28 41 30 41
31 25 33 25
31 28 31 30
34 7 34 9
34 25 34 27
35 38 35 40
36 3 38 3
36 6 36 8
37 31 37 33
37 34 39 34
39 2 41 2
39 16 39 18
40 42 40 44
43 39 43 41
43 46 45 46
44 37 44 39
46 29 46 31
0 27 3 27
1 14 1 17
2 39 5 39
4 21 4 24
6 30 6 33
6 33 9 33
16 13 16 16
21 2 21 5
21 29 21 32
21 32 21 35
22 25 22 28
24 24 27 24
25 35 28 35
30 27 30 30
32 30 35 30
43 5 46 5
43 42 46 42
0 40 0 44
7 36 7 40
7 40 11 40
10 18 10 22
12 13 12 17
12 36 16 36
13 10 13 14
17 9 17 13
17 36 17 40
18 36 18 40
18 41 22 41
25 1 25 5
25 26 25 30
25 31 25 35
27 20 27 24
27 36 27 40
28 42 32 42
32 9 32 13
39 47 43 47
4 5 4 10
5 41 10 41
7 34 12 34
11 22 16 22
16 28 16 33
29 7 34 7
30 20 35 20
39 34 39 39
45 36 45 41
0 28 6 28
10 12 10 18
11 27 11 33
16 17 22 17
17 22 23 22
22 11 22 17
28 35 28 41
32 16 38 16
35 1 35 7
36 24 42 24
2 26 9 26
14 5 21 5
25 16 32 16
12 35 20 35
23 33 23 41
32 42 40 42
46 31 46 39
3 2 12 2
9 17 9 26
45 27 45 36
38 6 38 16
9 26 20 26
11 10 11 21
23 17 34 17
22 28 22 41
43 5 43 30
14
38 38 39 38
44 32 45 32
2 16 1 16
23 16 22 16
33 12 32 12
14 21 14 20
14 25 14 26
15 27 15 26
37 15 38 15
37 41 37 42
42 12 43 12
44 29 43 29
5 20 4 20
24 35 23 35
166
0 37 1 37
0 40 1 40
1 16 1 17
1 26 2 26
2 10 2 11
2 12 3 12
3 11 3 12
3 34 4 34
4 19 4 20
4 20 4 21
4 34 4 35
5 30 6 30
8 37 8 38
10 36 10 37
11 9 11 10
12 36 12 37
13 20 14 20
14 20 15 20
14 26 15 26
16 36 17 36
16 42 17 42
17 33 18 33
17 33 17 34
17 36 18 36
17 40 18 40
18 42 18 43
19 29 19 30
20 10 20 11
20 11 21 11
21 26 21 27
22 10 22 11
22 16 22 17
22 25 23 25
23 46 23 47
25 0 25 1
26 4 27 4
27 45 27 46
28 22 28 23
30 30 31 30
31 0 31 1
31 9 32 9
31 30 32 30
32 12 32 13
34 18 34 19
35 26 36 26
35 29 36 29
38 15 38 16
39 38 39 39
40 42 41 42
43 29 43 30
43 46 43 47
44 12 45 12
0 10 2 10
1 14 1 16
4 3 4 5
7 42 7 44
8 37 10 37
9 33 11 33
10 36 12 36
11 10 13 10
11 22 11 24
13 18 13 20
13 47 15 47
14 16 16 16
14 23 16 23
18 40 20 40
23 17 23 19
23 19 25 19
23 33 23 35
24 47 26 47
25 5 25 7
27 18 29 18
28 41 30 41
31 25 33 25
31 28 31 30
34 7 34 9
34 25 34 27
35 38 35 40
36 3 38 3
36 6 36 8
37 31 37 33
37 34 39 34
39 2 41 2
39 16 39 18
40 42 40 44
43 39 43 41
43 46 45 46
44 37 44 39
46 29 46 31
0 27 3 27
2 39 5 39
4 21 4 24
6 30 6 33
6 33 9 33
16 13 16 16
21 2 21 5
21 29 21 32
21 32 21 35
22 25 22 28
24 24 27 24
25 35 28 35
30 27 30 30
32 9 32 12
32 30 35 30
37 42 40 42
43 5 46 5
43 42 46 42
0 40 0 44
7 36 7 40
7 40 11 40
10 18 10 22
12 13 12 17
12 36 16 36
13 10 13 14
17 9 17 13
17 36 17 40
18 36 18 40
18 41 22 41
25 1 25 5
25 26 25 30
25 31 25 35
27 20 27 24
27 36 27 40
28 42 32 42
39 34 39 38
39 47 43 47
45 32 45 36
4 5 4 10
5 41 10 41
7 34 12 34
9 26 14 26
11 22 16 22
15 26 20 26
16 28 16 33
22 11 22 16
29 7 34 7
30 20 35 20
32 42 37 42
45 27 45 32
45 36 45 41
0 28 6 28
10 12 10 18
11 27 11 33
16 17 22 17
17 22 23 22
23 35 23 41
28 35 28 41
32 16 38 16
33 41 39 41
35 1 35 7
36 24 42 24
2 26 9 26
14 5 21 5
25 16 32 16
43 5 43 12
5 15 5 23
12 35 20 35
46 31 46 39
3 2 12 2
9 17 9 26
38 6 38 15
11 10 11 21
23 17 34 17
22 28 22 41
43 12 43 29
24 24 24 47
146
1 0 0 0
3 2 3 3
4 3 4 2
4 5 3 5
4 10 3 10
5 11 5 10
7 42 7 41
7 44 8 44
8 37 9 37
8 38 7 38
9 29 8 29
10 12 11 12
10 41 10 42
11 9 12 9
11 10 12 10
12 2 12 3
12 13 12 14
14 45 14 44
15 11 15 10
16 8 16 9
17 40 17 41
19 34 20 34
23 21 24 21
29 39 29 40
38 38 38 39
41 28 41 27
44 32 44 31
45 27 45 28
45 36 45 35
45 41 46 41
46 8 47 8
46 29 47 29
46 31 45 31
46 39 47 39
1 32 1 33
2 47 1 47
6 30 7 30
6 33 7 33
8 28 8 27
9 33 9 34
11 33 11 34
14 9 14 10
17 21 16 21
20 28 20 27
22 10 22 9
23 16 22 16
25 31 26 31
25 35 26 35
26 40 26 41
27 33 28 33
31 9 31 10
31 38 30 38
32 9 32 8
33 12 33 13
34 19 35 19
35 26 34 26
36 8 36 9
37 0 36 0
45 7 45 6
45 46 45 47
46 17 47 17
0 27 1 27
0 29 1 29
0 34 1 34
2 26 2 25
3 27 3 26
8 12 9 12
9 17 9 18
11 22 12 22
11 24 12 24
13 18 13 17
13 20 12 20
14 21 15 21
14 25 14 26
15 20 15 19
15 27 15 28
16 22 15 22
19 29 19 28
19 30 20 30
20 26 19 26
23 19 23 20
23 46 22 46
23 47 22 47
24 11 25 11
25 19 25 20
30 20 30 19
32 16 32 17
34 17 34 16
35 12 34 12
37 15 37 16
38 6 38 7
40 10 40 11
42 8 42 9
6 46 6 47
14 42 15 42
19 3 19 2
20 10 21 10
26 44 26 45
27 27 26 27
27 34 28 34
27 45 28 45
27 46 27 47
28 4 28 3
28 23 28 24
28 42 27 42
29 1 29 2
29 13 28 13
29 25 29 24
33 2 33 3
33 47 33 46
34 0 35 0
34 25 34 24
36 3 36 2
36 24 36 23
37 28 37 29
37 41 37 42
40 42 40 41
41 42 41 41
42 12 43 12
43 0 43 1
43 30 43 29
46 5 47 5
46 21 47 21
47 43 47 42
1 8 2 8
1 41 2 41
2 39 1 39
3 11 4 11
3 12 4 12
4 19 3 19
4 21 3 21
5 20 5 19
12 44 13 44
13 8 14 8
14 38 14 39
22 24 23 24
24 35 24 34
27 8 27 7
28 43 27 43
29 18 30 18
29 33 30 33
32 30 33 30
33 25 32 25
36 39 35 39
41 29 41 30
47 36 47 37
179
0 10 2 10
0 26 0 28
0 28 6 28
0 28 0 33
0 37 1 37
0 40 1 40
0 40 0 44
1 14 1 17
1 26 3 26
1 26 1 27
1 37 1 39
1 39 5 39
1 40 1 47
2 10 2 11
2 12 4 12
3 3 3 5
3 5 3 10
3 10 5 10
3 19 5 19
3 19 3 21
3 26 9 26
3 34 4 34
4 11 4 12
4 34 4 35
5 30 7 30
5 39 13 39
5 41 7 41
6 47 13 47
7 30 7 33
7 33 7 34
7 34 9 34
7 40 11 40
8 16 14 16
8 27 11 27
8 29 8 31
9 13 16 13
9 18 9 26
9 26 14 26
9 34 11 34
9 37 10 37
10 18 19 18
10 18 10 22
10 36 12 36
10 36 10 37
11 27 11 34
11 34 12 34
12 9 16 9
12 9 12 10
12 10 13 10
12 14 13 14
12 20 12 22
12 22 15 22
12 22 12 24
12 35 20 35
12 36 16 36
12 36 12 37
13 39 14 39
13 39 13 44
13 47 15 47
14 5 21 5
14 16 16 16
14 23 16 23
14 26 19 26
14 44 18 44
15 19 15 21
15 21 15 22
16 13 16 16
16 17 22 17
16 21 16 23
16 28 16 33
16 36 17 36
16 42 17 42
17 9 17 13
17 22 23 22
17 27 20 27
17 33 18 33
17 33 17 34
17 36 18 36
17 36 17 41
18 33 23 33
18 36 18 40
18 40 20 40
18 41 22 41
18 42 18 43
19 2 21 2
19 28 22 28
20 11 21 11
20 25 20 27
21 2 21 5
21 10 21 11
21 26 21 27
21 29 26 29
21 29 21 32
22 9 22 11
22 11 22 16
22 16 22 17
22 25 23 25
22 25 22 28
22 41 22 46
22 46 22 47
23 17 32 17
23 17 23 20
23 20 25 20
23 22 28 22
23 33 23 41
24 24 27 24
24 47 26 47
25 0 25 1
25 1 25 5
25 5 25 7
25 7 27 7
25 16 34 16
25 30 25 38
26 4 27 4
26 26 34 26
26 27 26 29
26 29 35 29
26 31 26 35
26 35 28 35
26 45 28 45
27 18 30 18
27 36 27 40
27 42 32 42
28 3 33 3
28 22 28 24
28 24 29 24
28 35 28 41
28 41 30 41
29 2 36 2
29 7 34 7
29 40 35 40
30 30 31 30
30 30 30 33
31 0 31 1
31 25 32 25
31 30 33 30
32 8 32 13
32 13 33 13
32 42 37 42
33 3 38 3
33 23 36 23
33 30 35 30
33 41 39 41
34 7 34 9
34 12 34 16
34 16 37 16
34 24 42 24
34 26 36 26
35 0 35 1
35 29 36 29
36 6 40 6
36 6 36 9
36 29 37 29
37 16 38 16
37 29 43 29
37 31 37 33
37 34 39 34
38 7 38 16
38 39 39 39
39 2 41 2
39 16 39 18
39 34 39 39
39 47 43 47
40 41 41 41
40 41 40 44
41 41 43 41
43 5 47 5
43 5 43 12
43 29 44 29
43 39 43 41
43 42 46 42
43 46 43 47
43 47 45 47
44 12 45 12
44 31 45 31
44 37 47 37
44 37 44 39
45 28 45 31
45 31 45 35
