39 2
010000000000200200100011000010000100000
000000000002000000000000000000200000000
002000000000010000020010000000022000000
000000022000200020000000000000000000000
010000000000000000000000000000000000010
000000000000000020000010000000200200010
000000200010210000000000000000000010000
002000000200000000000000000000000000000
000001010000000000000001000002000010200
002000001020000000000001000002000000000
000000000000001020000000000000000000001
100000002000010000100020101000010000000
000200000020000000201200000000000200002
020000100001000100000000000020100000000
000002000000000100000000200000000100000
000000000001000000000000010000000100000
000200000000000000000200020010000000000
000000000010000000020200000000000000000
000000000010122000000000000000000001000
000020000000000100000000202000020000010
001022000000010000100000000002000000000
100100000000002002000000020000000000000
000010010000100000000000020020000000000
020002100000000000000010000002010000000
000000001202000001100002100100001000200
000000000000000020020000000000000020000
000000002000000000000002000010000000002
010010000001020100000000000000000000000
000020020102011000000200000000000020000
000000000000000000200000102000000000200
000000001000001000000100001000002000200
000001020010000100000000000002000002200
000100000000000000100000000000000000200
100000001000000002000010000000200010000
000000000201001000010100000000000000000
020020000001000000000001000000010002202
000000020000202100001001000000000000000
000010002000100000000000000000000000000
001200000000020000000000001020000100000

