2000 2000
339 873
1317 1731
1614 312
388 1243
1999 570
371 978
361 135
1193 116
1598 894
1696 1179
1331 1694
668 130
1891 85
1255 1844
847 981
63 866
1571 259
1536 820
1438 82
1149 108
461 1903
19 1510
859 569
740 963
1003 260
1456 7
759 1981
1706 1175
1560 1746
1179 1527
657 1023
979 1185
1897 1852
1047 1824
1338 1016
1274 1516
1307 1571
480 954
1102 1398
1245 466
888 482
1953 325
1485 1805
1694 813
1040 1880
1921 1519
236 1968
746 197
1685 1736
346 1171
275 1459
1872 1336
1868 1621
1134 415
1066 1847
1202 976
832 672
918 1629
1702 8
6 102
1811 460
1618 1235
739 154
785 63
1870 532
1593 99
179 673
1435 461
490 153
1769 91
1595 1145
663 402
1387 1019
629 600
1939 1421
763 1871
922 508
1733 36
1207 522
1333 1198
708 774
384 886
342 239
1137 1340
1767 910
440 528
1015 151
1486 497
1864 1926
1845 1283
1371 249
385 951
1599 1401
1793 407
292 1679
369 305
202 1473
79 1722
1878 287
958 1353
1530 1224
1010 179
1550 302
912 578
1526 175
1077 295
432 240
386 473
448 280
105 663
1944 716
1021 817
1749 370
553 1331
1991 772
1754 505
1186 1289
1022 86
1799 1410
305 1869
45 1752
1289 925
1027 1330
1334 1914
1484 21
845 853
1802 1750
274 959
1993 140
1558 2000
719 1569
1502 207
1220 1484
582 1269
276 164
1052 1834
1094 1823
685 787
415 377
1773 123
1714 44
178 1112
1389 577
13 39
1858 80
770 1603
121 1106
897 960
1570 997
240 1919
1791 1142
1372 11
451 1490
1997 1829
940 182
486 771
1168 297
1422 1159
1008 1316
441 1360
735 20
820 1570
1012 1594
380 1000
960 1924
1396 770
554 1851
723 1156
177 1755
1478 547
1686 798
1500 1743
425 1471
1972 1022
90 1346
976 994
1362 170
329 1776
1112 1727
1923 413
1974 73
46 1559
222 276
420 1652
1139 288
308 667
966 6
1100 231
72 1474
1657 876
314 88
1046 1002
1926 912
1 14
677 1382
1449 1266
1238 1230
1122 737
100 79
632 1390
1278 892
1652 1925
752 1206
1896 1800
322 357
1075 1480
737 1062
1347 1163
1693 1951
849 634
1894 824
794 346
1882 1495
1916 275
628 1215
1912 459
741 1087
1231 351
1145 950
1917 760
1875 229
836 147
1582 209
406 1359
1505 815
163 1595
527 337
584 1374
169 1196
1276 1764
1988 433
568 1429
1375 1158
1501 1131
1315 1812
693 1849
726 1906
302 1730
1772 328
364 1687
704 1704
312 511
780 1954
1432 49
1520 1948
286 971
546 1977
800 1217
283 176
404 769
825 852
417 1338
88 1430
1774 697
1466 206
1876 1054
1753 763
225 3
1823 670
1827 47
1076 1734
863 1783
1232 677
590 1699
127 552
804 1655
528 1987
309 1781
1942 550
103 1509
1295 985
1556 399
533 661
1328 1964
117 945
1846 1562
1452 1455
1450 1793
950 152
745 979
43 269
1263 1291
1031 1468
962 87
1370 1285
1688 990
1201 1268
1645 1180
1252 938
1064 458
1697 326
1403 1117
1163 948
297 1733
1559 1457
106 1799
1866 1301
1395 1220
1269 764
109 1460
1084 1748
687 1356
1098 1118
1279 1795
757 603
1444 1057
793 1469
1765 1802
1051 544
678 1688
1099 208
1857 1422
805 1160
149 829
1494 349
1335 282
1228 1141
1508 382
1293 1350
1265 1580
1216 1020
1110 1544
808 1723
843 1832
1721 110
826 1947
1411 37
898 1938
530 200
758 973
435 640
408 1609
1600 343
1060 832
1634 437
1958 527
1002 558
1642 1555
1616 97
600 409
1476 127
1780 232
1532 35
762 794
141 514
1296 1984
608 23
423 247
1017 1292
1275 1108
1308 361
9 1009
258 1990
1246 1653
1469 557
1964 1048
73 717
505 1065
465 1650
1489 389
96 796
892 575
1227 1757
1330 1085
874 18
1351 184
1924 795
1373 476
1881 1864
557 751
920 1327
1310 1501
168 1178
552 493
1566 809
1129 1912
1080 1949
1698 1753
1551 582
1603 1523
1240 743
412 1724
1788 149
1589 1600
1648 431
1877 680
1602 749
1474 1120
1107 1524
1388 1381
1803 1379
1584 1425
152 814
1929 1176
82 92
870 1312
1943 226
1785 681
1222 614
158 1276
996 1245
1125 1194
153 548
197 1838
1609 1435
1061 641
1167 1254
750 901
1434 60
120 1265
1470 1496
727 1556
57 1244
652 1827
1074 1101
1148 32
705 1397
1984 1564
1345 1007
132 489
714 761
1579 591
656 712
1441 1521
511 457
1647 571
421 375
873 368
122 167
1006 1953
306 1590
1445 709
1475 1061
300 1797
585 727
1962 1027
1183 470
367 875
205 708
645 1188
1364 1592
797 1958
323 1803
246 999
282 1929
1615 358
1287 419
1436 1099
1424 1394
200 1696
231 1199
176 348
821 58
925 271
703 1233
1644 1575
1689 1915
1636 266
1266 219
1144 1315
1787 735
880 656
181 214
1951 1329
769 1602
1703 904
1902 254
1587 344
38 1995
944 283
1807 964
1542 1854
503 284
1512 1073
840 1247
767 1616
1707 1139
1572 1081
1805 844
1842 1966
1687 688
506 1406
1959 1448
1268 1302
718 296
311 1411
1208 1256
1458 593
10 67
334 660
706 376
1976 1892
768 1946
25 1071
611 1742
77 1859
315 961
1428 1152
855 1720
823 223
1464 1418
1650 684
453 1405
1286 172
1908 1520
1844 1909
1001 1461
269 114
358 713
1447 119
243 1504
1948 1791
1035 501
1415 1407
1203 923
946 633
1540 202
875 125
883 956
754 330
500 1389
260 371
391 627
682 1439
454 299
1082 1721
1798 1502
1577 699
1638 1818
1513 1325
985 595
535 1030
924 186
902 313
1258 1623
968 854
360 1420
1673 24
1151 903
1620 899
1176 1974
455 513
622 655
1498 940
1716 199
1970 1144
80 1667
1068 1625
791 115
1132 1361
1585 78
464 1186
81 1089
134 1050
1734 1385
1604 1614
1818 397
151 144
374 318
125 1208
424 1477
1901 1041
798 1197
516 1956
643 159
1525 1624
591 848
624 1274
1672 1238
1448 204
1184 1807
670 1561
991 529
33 142
1126 393
1547 1028
1455 1726
429 1304
288 180
1594 51
930 390
571 365
483 636
353 1531
579 1328
593 311
265 1789
1971 1126
665 524
1654 1234
993 551
1439 1986
928 74
266 545
858 1417
1072 307
1874 1778
634 1100
1367 436
1632 1522
964 198
144 507
1477 1725
933 1396
558 1409
938 1250
510 1921
1314 1403
1354 1172
1366 449
1197 1897
609 478
904 1236
21 705
884 1290
786 1978
1985 1898
1850 1944
1731 1933
338 1940
702 1563
517 594
1626 65
877 201
1519 364
935 914
1488 662
1045 84
1019 1615
662 1326
977 162
1283 1641
1005 1950
556 1777
986 100
1899 987
978 1583
118 773
901 936
104 1505
1543 1691
238 613
459 133
541 696
426 930
655 1885
1941 1388
1381 694
866 1077
1091 1130
116 1992
256 1183
1089 447
93 1079
1915 1296
1200 496
627 868
1801 870
1761 533
620 1804
914 719
1521 253
87 322
1121 1493
1771 826
658 689
569 1344
1561 1058
1591 59
765 258
482 1665
1931 1270
1514 392
537 1137
160 1125
1668 683
1097 988
20 1279
929 381
259 1905
1640 733
1224 1634
1318 1056
175 686
1400 1076
1909 1319
1554 298
1895 1846
1932 691
1344 1164
1251 1845
1117 1053
1826 1036
474 1900
881 423
1797 414
1738 872
829 856
839 850
562 1830
232 1904
788 378
1937 1881
1607 1514
1128 1782
851 1879
956 391
766 1168
544 192
1361 1534
1945 309
1815 222
1973 1647
1504 781
492 740
1568 791
1843 1893
419 700
1007 777
715 1432
1906 1498
1596 920
893 1332
1871 913
418 916
1020 1918
310 410
48 728
1528 383
761 535
822 1639
1856 1083
229 932
215 1218
1039 1840
816 1049
760 1745
1297 1526
397 1661
247 1963
1708 620
1055 1883
1510 946
601 335
941 531
570 542
395 1708
313 169
227 1772
224 616
1284 215
70 1957
1446 48
811 1839
1808 1656
1819 187
1024 1985
1087 150
999 1072
1106 642
1704 1031
221 607
303 329
496 879
1191 1475
955 676
185 526
777 1018
1663 729
191 745
263 248
927 212
707 631
449 546
1836 366
809 562
1643 819
1834 1610
1116 1384
1518 553
296 762
460 1059
774 537
1215 897
307 1182
1312 1038
196 651
915 236
932 1458
1109 1875
146 1262
555 1597
1229 1692
1775 1440
697 225
1935 1133
1610 128
1651 693
352 1554
71 1025
1346 4
522 445
101 918
1841 983
512 304
67 1434
11 412
1562 432
1419 624
1681 1287
330 246
35 1280
1153 635
499 1630
60 874
1705 549
49 1970
365 818
818 747
664 485
479 1370
1095 1387
775 596
1188 1788
848 1097
945 908
1677 1682
642 1335
1784 1098
574 554
298 1386
1355 1444
414 933
147 1162
400 474
1155 1773
183 1039
1349 1004
1534 1605
1729 1711
673 799
1198 454
1855 1209
39 622
85 1443
1981 1337
827 50
1849 1867
1150 730
1158 1045
1544 1684
107 685
782 1870
40 1780
1092 702
1743 1113
1459 68
747 486
1324 726
1157 919
150 1911
1426 196
899 939
335 1983
1789 369
1782 424
895 1640
997 835
711 279
1763 334
1709 827
1546 1932
626 237
1890 429
636 1047
548 563
1028 1888
856 273
230 1092
1625 315
675 93
223 792
1905 1678
1711 1633
1327 286
651 404
1892 1820
1783 838
220 725
779 1419
1998 1263
1259 927
784 801
1655 477
1174 995
1736 1547
1848 1994
1180 137
252 1895
815 112
481 953
1658 394
942 1856
1800 224
53 1456
838 126
1723 1617
484 1191
114 653
133 943
1417 1251
1404 300
1946 1816
1038 1997
1115 891
1829 601
987 321
244 338
131 1705
773 864
1790 1358
1272 479
1691 534
78 757
1633 267
466 251
597 289
376 72
1732 776
1699 472
1032 1717
1416 27
3 1813
1548 1865
123 1697
351 1351
437 1714
1304 1754
1376 1124
796 1613
885 1181
824 1917
699 1648
1329 619
666 1261
1564 1508
894 931
614 579
967 1980
328 1446
1194 1216
1195 1566
394 679
355 975
1978 785
485 753
1728 965
778 1518
1752 1482
452 134
852 849
1715 181
545 1916
1854 1779
514 1529
145 105
1539 434
1567 1282
1369 1229
889 1127
1393 500
725 1201
1781 890
1303 439
1103 992
619 1067
615 264
198 448
219 274
372 1307
1860 1934
1332 1214
680 658
1322 810
1182 160
1592 646
321 851
1623 422
95 1467
844 816
625 455
1136 1042
1886 580
431 1240
1832 1242
1989 1154
733 443
689 1675
430 1122
1533 836
959 1848
879 463
237 736
212 1713
445 340
1940 1612
1552 722
325 462
427 384
934 1173
1796 1352
478 1376
1130 1568
1390 752
1218 1993
1910 721
1433 71
18 611
1004 1645
1794 783
162 1962
1680 211
1159 331
209 765
52 132
124 396
1205 1450
507 165
598 1104
1524 1683
812 1093
980 969
1597 515
648 786
948 5
1256 1770
1810 256
1822 1558
16 831
340 252
1737 1761
1472 1311
434 896
1507 161
969 561
1813 714
1656 748
396 245
1175 1855
336 1979
921 1998
1199 242
36 1248
638 539
1619 917
1987 1395
1067 95
235 491
520 481
1124 869
83 1702
1509 1308
1093 426
596 1415
359 1070
814 452
115 625
1105 1453
27 800
488 970
1096 1644
157 1887
519 363
268 1500
1430 188
854 1281
1907 306
1185 597
1384 1090
287 1735
1078 703
700 788
348 617
462 262
261 1636
273 1574
1018 373
1033 9
954 1363
1025 1690
1880 221
1628 626
393 1695
1407 367
1506 974
58 833
333 706
1443 28
458 1436
1053 1223
363 1967
279 1937
1750 922
1660 205
199 42
531 857
86 1151
294 1530
756 573
1710 1822
1242 1922
787 1433
640 1365
489 1862
1720 317
1659 157
477 1537
128 560
828 1676
975 840
1480 480
1414 556
890 327
357 1589
1751 1033
1016 451
1029 189
1336 1681
965 825
1352 66
1806 867
1612 1552
730 1305
547 756
1360 379
184 70
1676 465
1717 1674
1541 131
1545 1693
1313 1766
681 1393
1000 117
1260 1719
51 1710
951 1309
911 1213
1383 1119
378 1669
187 889
59 106
771 1375
1083 1014
1986 1794
860 589
1955 1769
341 1740
581 1259
753 1132
436 602
1889 1941
1956 898
7 767
1608 1110
908 877
1831 425
382 1109
523 567
1165 1320
1637 608
327 320
217 1685
409 991
5 121
4 156
1885 1866
299 1959
502 444
1217 19
551 216
1617 1294
1437 499
983 1321
1420 1253
698 1821
1172 1241
1804 339
1140 69
846 911
472 1729
1669 1868
1044 847
1069 1988
1301 739
1606 564
995 1207
1601 1277
1421 1801
1386 16
1675 1015
1817 96
783 955
270 26
589 1599
1574 290
1748 1333
135 308
1236 1582
1573 1511
599 1989
226 715
1928 31
1851 1
255 1543
390 272
174 1470
1867 1604
576 1239
1086 846
1291 755
195 1116
108 2
1758 467
1316 541
1904 1611
521 408
1684 1334
834 977
919 1051
764 789
1014 492
1160 1310
1982 293
203 1347
1682 512
772 1286
1862 1423
214 504
1740 471
381 647
524 158
751 980
1873 220
864 1635
565 1210
12 1991
264 1492
1399 469
1960 845
1138 1886
1930 802
720 1342
110 1399
242 1503
467 935
1725 1535
989 261
1990 1494
216 540
1674 1969
475 319
1026 909
1713 750
1418 1927
1143 281
865 744
550 53
1853 1103
1009 1606
1249 590
1154 1258
1816 333
1927 1221
1343 89
148 1860
1043 1828
471 1588
1440 386
2 568
1298 1572
137 621
1270 1166
271 780
795 484
126 1497
701 1451
344 257
1914 926
837 118
30 385
807 1532
468 46
953 1831
1385 101
1196 759
1292 1548
1398 1689
882 1715
1299 354
695 1402
903 605
1837 109
998 804
1451 166
1065 1551
1859 839
1900 768
982 1907
1887 949
50 43
1719 1784
981 1796
1059 1525
529 388
1088 104
1405 1225
316 972
644 1841
250 441
119 710
616 438
249 862
654 1545
867 1348
1511 1712
1757 1557
876 1068
637 895
580 1790
742 1931
416 1426
494 1465
835 427
525 883
1768 565
1219 1549
375 664
8 203
1133 1786
239 598
947 146
62 583
1300 1935
497 530
1553 937
491 353
1164 1202
900 1032
1462 989
1409 490
1281 75
41 1642
1624 723
508 1055
1934 855
1166 1666
1671 183
164 435
744 1284
99 606
1966 947
817 141
1377 1416
1479 98
604 790
943 1324
487 630
1994 1371
936 1260
931 1029
1490 1928
301 1228
607 1756
623 174
1621 523
1739 1608
34 1792
91 1378
1613 1536
1048 1271
1277 1005
909 1587
1828 1427
1206 775
1394 1412
649 1596
724 1012
1323 1584
1050 1091
731 1863
193 1662
1234 1293
1169 1843
1036 1136
194 907
326 395
1629 428
722 1343
75 301
716 884
402 538
603 1646
1516 1095
1913 1414
469 1044
1824 1317
47 1161
776 731
988 55
1120 509
587 15
130 1961
1746 1043
536 1577
1922 1649
532 1760
331 30
509 1965
1903 1476
139 1668
228 1506
1883 758
253 1372
1766 1960
413 1889
428 310
734 1660
213 1489
1261 1815
190 1643
549 1835
688 604
188 1546
356 1063
1152 233
1325 1759
957 865
621 1890
405 1452
1162 250
1465 585
1348 1165
1879 1011
633 442
686 139
712 450
1483 1533
1865 241
470 420
830 155
617 191
166 1226
850 10
1239 1392
1814 456
630 1939
1499 1167
972 701
1835 292
319 324
180 574
994 13
1744 632
456 942
1950 345
1353 52
1495 278
683 1249
1979 1146
1321 316
1747 678
667 1275
1156 1013
457 360
186 645
1473 120
350 921
343 1128
939 1441
1701 111
1992 1896
1290 1008
1630 1913
543 1637
1665 1306
1147 543
447 171
1214 1810
540 1763
1792 1237
669 387
618 1227
84 40
332 1105
1356 566
17 1955
1980 1942
992 1147
56 1102
1961 177
1522 1659
578 1607
26 650
566 29
1453 1267
641 1368
802 1060
1779 265
1425 1006
94 398
304 81
89 581
1212 1833
1641 1626
167 986
1057 1080
1833 417
208 228
650 1811
1825 1732
403 1148
1863 1447
586 17
560 336
1037 502
1071 1140
810 1698
172 615
277 536
575 1578
1809 263
111 741
1967 405
1113 623
1635 90
1368 350
281 1438
61 1300
984 807
349 1798
98 1877
1380 498
660 45
368 1040
140 1479
245 1107
233 1157
92 1910
345 145
1690 1861
1108 610
156 1485
318 1894
189 1373
1820 793
254 1598
1262 468
671 1064
398 1528
1847 217
862 1741
842 475
1463 1550
284 1437
1267 1930
1213 1573
1030 1255
1821 1996
450 1618
799 1074
1969 1707
74 359
411 1513
14 1464
1178 1357
1041 1204
1812 234
1653 1129
493 1369
399 828
23 1541
1223 1809
606 555
495 944
154 61
1938 1150
1170 669
913 1323
813 742
869 993
563 1200
1413 1654
1319 668
1410 341
138 998
1861 34
646 639
1141 518
218 1354
534 1826
291 966
1104 1749
1359 403
347 1972
1302 1627
37 782
370 1499
1639 692
278 962
1123 1222
792 520
1062 1814
1830 648
1457 1442
272 1314
1947 732
878 1586
173 1069
1378 1153
1288 1075
974 1581
690 1775
696 76
28 1295
1661 887
155 675
612 1184
1460 1377
1963 178
567 1211
204 1278
1977 808
559 22
1271 285
293 255
923 103
410 1149
1523 355
165 1472
1770 572
248 929
206 588
1741 1739
896 1303
1664 1973
182 1672
1678 268
1712 1001
853 1728
1070 1664
1427 1837
1933 41
755 1121
1670 488
801 235
241 1876
1250 430
1755 644
1034 1135
143 1298
806 453
891 671
1189 218
1537 1252
142 124
1173 122
610 754
1181 687
1840 934
937 738
526 821
324 1709
1210 1771
1247 837
1745 1976
389 1288
407 1971
1294 1380
1911 1366
561 1716
1631 1806
1517 882
476 525
1692 194
905 1982
251 1034
676 880
1342 421
990 900
743 587
1764 863
1569 812
377 1899
1918 1677
1578 1026
790 1853
1063 516
1257 609
113 704
539 1560
602 1943
66 1718
583 38
129 1744
1111 654
354 1462
1471 834
594 244
1735 1445
910 210
1695 720
736 1785
392 1758
1952 25
1491 1481
564 1670
1786 1367
1244 1585
926 905
1742 1400
1423 94
501 1686
1254 190
1253 1466
1401 1850
1190 193
1365 797
1662 1628
1171 1540
1412 881
24 584
572 1565
1481 1638
401 1631
1392 1046
1230 1111
1339 1082
1563 1539
1727 1246
661 1620
672 56
1936 859
952 483
789 446
1085 1362
917 766
595 1673
1965 517
729 352
1408 1037
1337 1297
1306 1413
54 227
1326 1836
1350 592
1920 1737
694 718
290 902
1627 1219
1487 1901
387 724
1081 1632
679 411
1576 213
1013 418
112 586
1131 1349
295 1908
515 416
267 958
1503 1658
15 1706
1142 1187
542 1808
1431 666
1995 294
1724 400
1023 1936
713 1123
1054 1424
473 830
207 1842
833 1512
280 1134
1146 342
76 33
691 612
631 1591
136 1622
433 695
1884 1391
916 822
1919 1920
262 1882
1497 521
442 628
1358 734
518 1491
1226 1507
1759 1431
886 519
1461 113
1611 1817
1209 811
1320 928
1397 1486
171 599
871 707
1090 885
513 957
337 888
1838 1454
1700 1787
1795 238
1282 1488
732 1858
1975 576
639 629
1869 1767
1357 1257
438 968
1777 380
1363 1084
592 1192
1118 277
1049 1663
717 362
635 1593
1135 657
841 1212
1442 806
289 374
1374 1138
1225 347
588 1738
1683 1190
161 652
1852 54
647 323
961 1088
1492 163
1549 638
379 1094
1679 173
538 303
1957 230
1646 1017
1402 1143
1538 1542
498 1619
69 356
1056 674
1515 915
728 83
1893 698
463 1231
1305 372
1531 1299
1888 858
373 1878
1058 1657
1379 618
1557 1021
504 1339
659 1428
781 1024
1762 941
1340 1999
1580 270
362 464
44 1819
710 1483
444 1383
439 665
1248 1902
1726 996
1718 1086
970 1404
1273 1066
1776 1449
748 129
1177 779
1535 1751
1233 1891
577 746
1954 952
1590 1272
1968 1774
320 1114
1666 1174
721 1567
1221 510
285 1364
201 1703
1127 559
1467 1884
68 107
1192 195
949 1538
653 1355
1722 1553
1949 1765
1983 148
97 1872
1429 1857
1588 643
1583 861
1243 494
443 406
1565 1195
573 1768
1839 138
1187 842
1605 1318
1649 1205
1925 984
973 495
55 841
887 1579
1454 1177
963 1193
1586 637
819 1169
1555 893
1204 871
1241 805
234 291
1382 1170
1527 1115
1667 1203
1311 1680
605 62
1114 1341
831 64
872 823
1264 1874
1073 1515
1898 690
65 168
102 967
211 503
383 649
210 784
971 1487
366 440
1011 906
1391 487
1280 1408
422 1463
692 1078
1778 711
613 12
709 332
1341 1232
31 1010
2000 1975
1309 1700
170 1155
1581 1003
1493 1762
446 1096
159 314
1119 860
64 506
674 1923
1101 803
1237 1671
1235 659
42 778
22 1747
1496 1189
1996 924
317 1825
861 1945
906 185
257 878
868 982
1529 1052
1468 843
1482 1345
1622 1651
1211 136
1079 1517
1042 401
1285 1478
1575 1322
749 1601
803 1035
857 1576
32 1952
1730 243
192 77
684 57
1161 143
738 682
1760 1313
1756 1873
29 1701
1406 1264
907 1273
